Normalized confusion matrix
[[0.34827907 0.4968062  0.00967442 0.11249612 0.03274419]
 [0.06184556 0.86586667 0.00409611 0.05973981 0.00845184]
 [0.02045587 0.96274109 0.00124196 0.01190824 0.00365283]
 [0.10590539 0.79742894 0.0056744  0.07607713 0.01491413]
 [0.23225552 0.52681388 0.0126183  0.14787066 0.08044164]]
Weighted F-Score:
0.34006979846
Normalized confusion matrix
[[9.70576027e-01 9.10019797e-03 5.31643145e-03 1.72424804e-03
  9.89846095e-04 3.91148860e-03 3.92745386e-03 7.66332461e-04
  1.70828278e-03 1.97969219e-03]
 [9.59257679e-01 1.30119454e-02 7.67918089e-03 2.77303754e-03
  1.91979522e-03 6.18600683e-03 2.77303754e-03 1.06655290e-03
  1.91979522e-03 3.41296928e-03]
 [9.76776270e-01 6.89813750e-03 2.75925500e-03 9.19751667e-04
  1.83950333e-03 3.67900667e-03 3.21913083e-03 6.89813750e-04
  1.14968958e-03 2.06944125e-03]
 [9.82847341e-01 3.43053173e-03 3.43053173e-03 5.14579760e-03
  0.00000000e+00 1.71526587e-03 1.71526587e-03 0.00000000e+00
  8.57632933e-04 8.57632933e-04]
 [9.76722533e-01 7.44878957e-03 1.86219739e-03 0.00000000e+00
  0.00000000e+00 3.72439479e-03 5.58659218e-03 0.00000000e+00
  3.72439479e-03 9.31098696e-04]
 [9.62948668e-01 1.35082980e-02 6.17522192e-03 1.92975685e-03
  1.54380548e-03 5.40331918e-03 2.70165959e-03 1.54380548e-03
  1.54380548e-03 2.70165959e-03]
 [9.69593148e-01 1.24197002e-02 4.71092077e-03 2.56959315e-03
  2.99785867e-03 3.42612420e-03 8.56531049e-04 1.28479657e-03
  8.56531049e-04 1.28479657e-03]
 [9.87692308e-01 5.53846154e-03 6.15384615e-04 2.46153846e-03
  0.00000000e+00 2.46153846e-03 1.23076923e-03 0.00000000e+00
  0.00000000e+00 0.00000000e+00]
 [9.94588543e-01 1.49281582e-03 1.49281582e-03 0.00000000e+00
  0.00000000e+00 3.73203956e-04 1.30621385e-03 1.86601978e-04
  3.73203956e-04 1.86601978e-04]
 [9.56639566e-01 1.62601626e-02 8.13008130e-03 0.00000000e+00
  1.80668473e-03 2.71002710e-03 6.32339657e-03 1.80668473e-03
  2.71002710e-03 3.61336947e-03]]
Weighted F-Score:
0.59750094216
