Part2 Adaboost 1,1:

Normalized confusion matrix
[[0.41973174 0.36671999 0.03841752 0.14909863 0.02603212]
 [0.08128907 0.75153809 0.04922452 0.11022968 0.00771865]
 [0.02797913 0.15405694 0.60297986 0.02483705 0.19014702]
 [0.10778915 0.64852695 0.04120715 0.1968747  0.00560204]
 [0.21346722 0.03465249 0.41567238 0.00263831 0.3335696 ]]
Weighted F-Score:
0.506700564634
Normalized confusion matrix
[[8.88192550e-01 1.01787812e-02 3.94833584e-03 1.55800919e-03
  3.97857300e-04 3.76850434e-03 7.57520299e-04 2.27240175e-02
  6.84585098e-02 1.59142920e-05]
 [8.68589538e-01 1.25479112e-02 1.12417293e-02 1.11346652e-03
  2.99779448e-04 2.69801503e-03 8.35099891e-04 2.10702126e-02
  8.14543586e-02 1.49889724e-04]
 [8.60100044e-01 7.86058413e-03 1.14566285e-02 9.91217353e-04
  1.47530025e-03 1.84412531e-03 5.76289159e-04 2.73622093e-02
  8.79647772e-02 3.68825062e-04]
 [9.34481859e-01 3.74140781e-03 1.65318020e-03 5.56860698e-03
  0.00000000e+00 7.83085356e-03 1.74018968e-03 3.13234143e-02
  1.35734795e-02 8.70094840e-05]
 [9.24340561e-01 4.41190275e-03 3.94255139e-03 1.02318596e-02
  0.00000000e+00 5.06899465e-03 1.12644326e-03 3.65155355e-02
  1.43621515e-02 0.00000000e+00]
 [9.55906261e-01 9.91316071e-04 3.01360086e-03 1.02303819e-02
  0.00000000e+00 8.04948650e-03 5.23414886e-03 1.04286451e-02
  6.06685436e-03 7.93052857e-05]
 [9.54277479e-01 2.05249138e-03 3.31892222e-03 1.03497969e-02
  0.00000000e+00 6.46316433e-03 3.93030263e-03 1.16162278e-02
  7.99161535e-03 0.00000000e+00]
 [8.10755868e-01 5.35945297e-03 1.55239327e-02 2.40251340e-03
  0.00000000e+00 9.24043615e-04 6.16029077e-05 1.25546726e-01
  3.94258609e-02 0.00000000e+00]
 [6.24469259e-01 3.97284103e-02 1.06054655e-02 2.43158820e-04
  0.00000000e+00 1.68340722e-04 1.30931672e-04 1.55808690e-02
  3.09073565e-01 0.00000000e+00]
 [9.13471172e-01 1.02012934e-02 1.73057656e-02 2.18599144e-03
  0.00000000e+00 8.19746789e-04 7.28663813e-04 3.30631205e-02
  2.22242463e-02 0.00000000e+00]]
Weighted F-Score:
0.603037656306

real	35m37.920s
user	21m26.860s
sys	12m38.352s

Part3 Adaboost 1,1:

Normalized confusion matrix
[[3.07727804e-01 2.53780840e-01 3.41290839e-02 3.93933428e-01
  1.04288439e-02]
 [6.39524952e-02 5.44729688e-01 3.30634024e-02 3.56413055e-01
  1.84135936e-03]
 [3.45555783e-02 9.69149154e-02 6.74867740e-01 2.13880689e-02
  1.72273697e-01]
 [6.41474201e-02 4.49217672e-01 3.27287878e-02 4.53569797e-01
  3.36323433e-04]
 [3.62079149e-01 2.33116755e-01 2.83402245e-01 1.22071274e-03
  1.20181138e-01]]
Weighted F-Score:
0.491776339638
Normalized confusion matrix
[[3.18529328e-01 6.53599972e-03 1.08344500e-02 2.73725822e-02
  5.87396517e-03 5.22673092e-02 2.68060334e-02 2.03545386e-01
  3.38383999e-01 9.85094674e-03]
 [2.80101068e-01 3.03205499e-02 2.67446093e-02 3.84360078e-02
  4.64658144e-03 4.94421961e-02 2.01708743e-02 1.50039614e-01
  3.91233592e-01 8.86490653e-03]
 [2.50409165e-01 4.23457274e-02 2.75696734e-02 2.78693437e-02
  5.73984002e-03 6.74719347e-02 2.10691316e-02 1.91374104e-01
  3.57460639e-01 8.69044052e-03]
 [4.39484904e-01 2.61028452e-03 4.35047420e-03 1.78717480e-01
  4.68111024e-02 1.74889063e-01 3.83711825e-02 9.31001479e-03
  2.30575133e-02 8.23979814e-02]
 [4.82493194e-01 2.62836760e-03 4.31803248e-03 1.88773116e-01
  4.76860978e-02 1.50943396e-01 3.37932977e-02 6.28930818e-03
  1.21092650e-02 7.09659251e-02]
 [1.90848170e-01 7.93052857e-04 2.97394821e-03 1.52662675e-01
  3.50529363e-02 4.46250843e-01 1.00400492e-01 5.94789643e-04
  5.94789643e-03 6.44751973e-02]
 [2.00052404e-01 7.42390497e-04 4.27966287e-03 1.50443251e-01
  3.96087165e-02 4.51941133e-01 1.06467531e-01 8.73400585e-05
  5.63343377e-03 4.07441373e-02]
 [1.10022793e-01 2.71052794e-03 1.54007269e-03 0.00000000e+00
  6.16029077e-05 0.00000000e+00 0.00000000e+00 6.95866445e-01
  1.89675353e-01 1.23205815e-04]
 [3.56321194e-02 4.30204066e-04 2.18842938e-03 2.43158820e-04
  1.87045246e-05 2.18842938e-03 7.48180985e-04 2.26848475e-01
  7.31683594e-01 1.87045246e-05]
 [3.49303215e-01 1.18407870e-02 2.65962292e-02 2.19418891e-01
  4.93669733e-02 1.10665817e-01 6.16631752e-02 7.37772110e-03
  1.37535295e-02 1.50013662e-01]]
Weighted F-Score:
0.363871384001

real	46m24.277s
user	43m38.592s
sys	0m25.524s

Part3 Adaboost 10,5:

Normalized confusion matrix
[[3.50288946e-01 2.78902315e-01 2.76893600e-02 3.36320653e-01
  6.79872678e-03]
 [5.12469564e-02 5.50980420e-01 3.33386160e-02 3.63598381e-01
  8.35626504e-04]
 [2.61648091e-02 7.06742189e-02 7.78878129e-01 3.13173762e-02
  9.29654668e-02]
 [5.61956385e-02 5.31627379e-01 3.38333543e-02 3.78066305e-01
  2.77322577e-04]
 [3.77094421e-01 2.09934950e-01 3.04553519e-01 1.18273211e-03
  1.07234378e-01]]
Weighted F-Score:
0.498775837578
Normalized confusion matrix
[[3.22855828e-01 2.64252158e-03 3.46781361e-03 5.20489462e-02
  7.92756475e-03 2.55205688e-02 3.21943245e-02 3.05691341e-01
  2.34287709e-01 1.33633824e-02]
 [3.17578504e-01 6.25876767e-03 1.23017158e-02 5.13650588e-02
  1.31649941e-02 3.04305601e-02 1.67260170e-02 2.43876120e-01
  2.87040035e-01 2.12582281e-02]
 [3.01779277e-01 1.32573555e-02 1.05826259e-02 4.84940109e-02
  2.12815444e-02 2.27933481e-02 1.63972555e-02 2.46424003e-01
  2.86544947e-01 3.24456332e-02]
 [5.05024028e-01 0.00000000e+00 1.31061599e-03 1.98339886e-01
  6.98995194e-02 1.27566623e-01 6.33464395e-02 1.96592398e-02
  6.11620795e-03 8.73743993e-03]
 [4.79620853e-01 1.89573460e-03 1.89573460e-03 2.51658768e-01
  6.49289100e-02 1.05687204e-01 6.30331754e-02 1.56398104e-02
  5.21327014e-03 1.04265403e-02]
 [3.43339960e-01 3.97614314e-04 0.00000000e+00 2.51689861e-01
  5.00994036e-02 2.03976143e-01 1.33598410e-01 1.78926441e-03
  2.18687873e-03 1.29224652e-02]
 [3.47028937e-01 2.20896841e-04 4.41793682e-04 2.67506075e-01
  5.94212503e-02 2.12502761e-01 1.03600619e-01 6.62690524e-04
  1.54627789e-03 7.06869892e-03]
 [1.07142857e-01 4.03726708e-03 0.00000000e+00 0.00000000e+00
  1.86335404e-03 0.00000000e+00 0.00000000e+00 8.11180124e-01
  7.23602484e-02 3.41614907e-03]
 [1.60744501e-02 0.00000000e+00 1.12803158e-03 3.10208686e-03
  1.03402895e-03 1.31603685e-03 5.64015792e-04 4.58920850e-01
  5.17202482e-01 6.58018425e-04]
 [5.38390805e-01 4.13793103e-03 1.83908046e-03 2.34022989e-01
  4.22988506e-02 1.42528736e-02 7.03448276e-02 1.19540230e-02
  1.28735632e-02 6.98850575e-02]]
Weighted F-Score:
0.355381909267

real	12m2.068s
user	10m30.588s
sys	0m7.160s

Part 3 adaboost 5,3:

Normalized confusion matrix
[[2.86368270e-01 2.87369104e-01 3.41024928e-02 3.82207395e-01
  9.95273839e-03]
 [4.03363530e-02 6.02722032e-01 3.21615881e-02 3.23774435e-01
  1.00559144e-03]
 [2.95896896e-02 7.48947922e-02 7.60959144e-01 3.98912853e-02
  9.46650885e-02]
 [4.25339639e-02 5.62535771e-01 2.65686658e-02 3.68045305e-01
  3.16293641e-04]
 [4.29229679e-01 1.83010397e-01 2.81427221e-01 1.29962193e-03
  1.05033081e-01]]
Weighted F-Score:
0.497711891645
Normalized confusion matrix
[[3.57907253e-01 5.39136331e-03 2.65986658e-03 1.30557903e-02
  5.57282638e-03 4.08864948e-02 3.14647412e-02 2.43981873e-01
  2.91572951e-01 7.50684068e-03]
 [2.95853423e-01 3.58084217e-02 2.49437480e-02 1.71006107e-02
  1.11218258e-02 5.43233687e-02 3.53584057e-02 1.86049502e-01
  3.27933140e-01 1.15075538e-02]
 [2.56668970e-01 5.83275743e-02 3.35867312e-02 1.72080166e-02
  1.17484451e-02 5.95715273e-02 4.07740152e-02 2.28887353e-01
  2.80718728e-01 1.25086386e-02]
 [5.81377152e-01 2.60824204e-04 0.00000000e+00 5.97287428e-02
  5.81637976e-02 1.48669797e-01 1.16066771e-01 9.38967136e-03
  1.06937924e-02 1.56494523e-02]
 [6.25000000e-01 1.97072072e-03 0.00000000e+00 6.70045045e-02
  3.77252252e-02 1.31475225e-01 8.47409910e-02 9.29054054e-03
  1.63288288e-02 2.64639640e-02]
 [3.08998101e-01 3.56125356e-04 1.18708452e-04 6.55270655e-02
  2.45726496e-02 3.57075024e-01 2.21628680e-01 1.18708452e-03
  1.42450142e-03 1.91120608e-02]
 [2.99672989e-01 2.61608895e-04 2.61608895e-04 8.26684107e-02
  2.62916939e-02 3.54480052e-01 2.13080445e-01 7.84826684e-04
  1.96206671e-03 2.05362982e-02]
 [8.52756197e-02 8.87902331e-03 1.84979652e-04 0.00000000e+00
  0.00000000e+00 0.00000000e+00 7.39918609e-04 7.21235664e-01
  1.83499815e-01 1.84979652e-04]
 [2.81002861e-02 1.68265186e-04 1.73874025e-03 0.00000000e+00
  0.00000000e+00 2.46788939e-03 5.04795558e-04 3.30024118e-01
  6.36771552e-01 2.24353581e-04]
 [5.35714286e-01 1.63576881e-03 0.00000000e+00 1.04689204e-01
  1.41766630e-02 7.38822246e-02 1.62486369e-01 1.41766630e-02
  7.63358779e-03 8.56052345e-02]]
Weighted F-Score:
0.390949816964

real	16m26.029s
user	14m46.148s
sys	0m6.976s

Part3 RF 5,3:

Normalized confusion matrix
[[4.66073580e-01 2.38828654e-01 1.41970160e-02 2.77546103e-01
  3.35464739e-03]
 [2.35880543e-02 8.34077413e-01 8.80759395e-03 1.33509601e-01
  1.73377834e-05]
 [2.78362265e-02 1.02731019e-01 8.42297913e-01 2.45265650e-02
  2.60827635e-03]
 [7.59104738e-02 3.70168991e-01 4.98539025e-03 5.48844775e-01
  9.03696117e-05]
 [2.69139887e-01 2.32750473e-01 2.76937618e-01 5.24574669e-02
  1.68714556e-01]]
Weighted F-Score:
0.671931306847
Normalized confusion matrix
[[9.85769475e-01 3.35229145e-03 2.74104742e-03 3.15172700e-04
  5.68265929e-04 1.56153747e-03 6.44671432e-04 2.55480901e-03
  1.93401430e-03 5.58715241e-04]
 [6.57859209e-01 2.33815493e-01 1.02925104e-01 6.42880103e-05
  1.92864031e-04 1.99292832e-03 3.85728062e-04 3.21440051e-04
  2.25008036e-03 1.92864031e-04]
 [6.25777471e-01 7.53973739e-02 2.86178300e-01 4.83759502e-04
  3.45542502e-04 3.38631652e-03 6.21976503e-04 2.76434001e-03
  5.04492053e-03 0.00000000e+00]
 [9.14710485e-01 2.60824204e-03 5.21648409e-04 1.74752217e-02
  2.55607720e-02 2.68648931e-02 9.91131977e-03 0.00000000e+00
  0.00000000e+00 2.34741784e-03]
 [9.29898649e-01 2.81531532e-04 5.63063063e-04 1.06981982e-02
  3.37837838e-02 1.29504505e-02 9.00900901e-03 0.00000000e+00
  0.00000000e+00 2.81531532e-03]
 [8.06623932e-01 1.54320988e-03 2.84900285e-03 8.19088319e-03
  1.16334283e-02 1.42331434e-01 2.33855651e-02 0.00000000e+00
  0.00000000e+00 3.44254511e-03]
 [8.23544801e-01 1.17724003e-03 2.09287116e-03 3.92413342e-03
  8.89470242e-03 6.89339438e-02 8.58077175e-02 0.00000000e+00
  0.00000000e+00 5.62459124e-03]
 [6.66851646e-01 5.91934887e-03 9.24898261e-03 0.00000000e+00
  0.00000000e+00 0.00000000e+00 0.00000000e+00 3.17055124e-01
  9.24898261e-04 0.00000000e+00]
 [7.09013405e-01 3.70183409e-03 4.59924842e-03 0.00000000e+00
  0.00000000e+00 0.00000000e+00 0.00000000e+00 4.37489483e-03
  2.78310618e-01 0.00000000e+00]
 [7.57088332e-01 2.72628135e-04 2.72628135e-04 1.09051254e-03
  5.17993457e-03 1.82660851e-02 2.72628135e-03 0.00000000e+00
  0.00000000e+00 2.15103599e-01]]
Weighted F-Score:
0.717839038833

real	15m53.426s
user	15m4.012s
sys	0m5.596s

Part2 RF 5,3:

Normalized confusion matrix
[[0.43167454 0.40042628 0.01510518 0.14606617 0.00672783]
 [0.08505917 0.7359629  0.0215682  0.15584933 0.0015604 ]
 [0.0999474  0.17385587 0.60674207 0.03842276 0.08103191]
 [0.10970871 0.58154351 0.01491099 0.29276742 0.00106937]
 [0.41623346 0.09298204 0.32136106 0.04194234 0.1274811 ]]
Weighted F-Score:
0.527098352493
Normalized confusion matrix
[[9.50102431e-01 1.25734806e-02 1.42114236e-02 5.78294152e-03
  1.32277027e-03 2.84610499e-03 1.97699239e-03 6.70458290e-03
  3.78684775e-03 6.92424872e-04]
 [8.62552234e-01 4.18514947e-02 5.63162970e-02 2.18579235e-03
  1.54291225e-03 3.53584057e-03 3.60012858e-03 1.29861781e-02
  1.38862102e-02 1.54291225e-03]
 [8.50449205e-01 4.17415342e-02 6.44782308e-02 3.04077402e-03
  2.34968901e-03 2.90255701e-03 4.63026952e-03 1.74153421e-02
  1.00898411e-02 2.90255701e-03]
 [9.10276474e-01 8.86802295e-03 1.61711007e-02 7.04225352e-03
  7.82472613e-04 5.73813250e-03 3.39071466e-03 4.30359937e-02
  3.39071466e-03 1.30412102e-03]
 [8.86824324e-01 1.94256757e-02 1.80180180e-02 9.00900901e-03
  1.97072072e-03 1.46396396e-02 3.09684685e-03 3.91328829e-02
  3.65990991e-03 4.22297297e-03]
 [8.92687559e-01 1.27018044e-02 1.88746439e-02 4.27350427e-03
  3.08641975e-03 1.35327635e-02 3.67996201e-03 4.64150047e-02
  1.30579297e-03 3.44254511e-03]
 [8.86854153e-01 8.50228908e-03 2.22367560e-02 4.83976455e-03
  2.48528450e-03 8.89470242e-03 2.22367560e-03 5.54610857e-02
  1.70045782e-03 6.80183126e-03]
 [8.26304107e-01 2.36773955e-02 2.88568257e-02 1.47983722e-03
  1.66481687e-03 2.77469478e-03 4.62449131e-03 1.09877913e-01
  7.39918609e-04 0.00000000e+00]
 [8.38914129e-01 3.09047058e-02 5.29474452e-02 8.41325930e-04
  5.60883953e-04 5.04795558e-04 1.90700544e-03 9.31067362e-03
  6.28750911e-02 1.23394470e-03]
 [8.52235551e-01 3.21701200e-02 6.32497274e-02 8.17884406e-04
  2.72628135e-03 4.63467830e-03 2.01744820e-02 2.01744820e-02
  2.45365322e-03 1.36314068e-03]]
Weighted F-Score:
0.620183009756

real	8m1.021s
user	7m18.076s
sys	0m3.588s

Part4 RF 5,3:

Normalized confusion matrix
[[5.44527847e-01 1.88471875e-01 1.21768140e-02 2.49633954e-01
  5.18950978e-03]
 [1.63321919e-02 8.27107624e-01 4.57717481e-03 1.51983009e-01
  0.00000000e+00]
 [2.20717166e-02 1.08035245e-01 8.52380326e-01 1.74907943e-02
  2.19182886e-05]
 [6.46594572e-02 2.40443414e-01 2.86170437e-03 6.92035425e-01
  0.00000000e+00]
 [2.62641777e-01 2.20344991e-01 1.77221172e-03 1.24291115e-01
  3.90949905e-01]]
Weighted F-Score:
0.733251340141
Normalized confusion matrix
[[9.88682435e-01 2.78880086e-03 1.82418139e-03 4.05904235e-04
  1.76687726e-04 1.52811006e-03 1.16995927e-03 1.66659504e-03
  1.39440043e-03 3.62926140e-04]
 [6.50980392e-01 2.48923176e-01 9.27033108e-02 9.64320154e-04
  7.71456123e-04 2.18579235e-03 6.42880103e-05 0.00000000e+00
  3.40726455e-03 0.00000000e+00]
 [6.01727713e-01 9.35729095e-02 2.99170698e-01 7.60193504e-04
  1.17484451e-03 1.31306151e-03 8.98410504e-04 2.76434001e-04
  1.03662751e-03 6.91085003e-05]
 [8.06729264e-01 1.30412102e-02 1.30412102e-03 7.22483046e-02
  4.46009390e-02 4.90349504e-02 1.22587376e-02 0.00000000e+00
  0.00000000e+00 7.82472613e-04]
 [8.13907658e-01 6.19369369e-03 2.81531532e-03 2.05518018e-02
  1.29786036e-01 1.54842342e-02 9.57207207e-03 0.00000000e+00
  0.00000000e+00 1.68918919e-03]
 [6.20963913e-01 2.49287749e-03 1.78062678e-03 1.04463438e-02
  1.34140551e-02 2.97958215e-01 5.17568851e-02 0.00000000e+00
  0.00000000e+00 1.18708452e-03]
 [6.41726619e-01 1.17724003e-03 2.09287116e-03 4.18574232e-03
  7.45585350e-03 9.96729889e-02 2.41726619e-01 0.00000000e+00
  0.00000000e+00 1.96206671e-03]
 [6.11542730e-01 0.00000000e+00 0.00000000e+00 0.00000000e+00
  0.00000000e+00 0.00000000e+00 0.00000000e+00 3.86977432e-01
  1.47983722e-03 0.00000000e+00]
 [7.10752145e-01 4.03836446e-03 8.97414325e-04 0.00000000e+00
  0.00000000e+00 0.00000000e+00 0.00000000e+00 5.60883953e-03
  2.78703236e-01 0.00000000e+00]
 [7.75081788e-01 0.00000000e+00 0.00000000e+00 0.00000000e+00
  2.72628135e-04 7.90621592e-03 5.45256270e-04 0.00000000e+00
  0.00000000e+00 2.16194111e-01]]
Weighted F-Score:
0.74266987295

real	27m11.737s
user	26m18.684s
sys	0m9.136s

Part5 RF RMS 5,3:

Normalized confusion matrix
[[5.99740525e-01 2.54990270e-01 1.39375405e-02 1.25734408e-01
  5.59725697e-03]
 [1.25352174e-02 8.72411252e-01 1.01772788e-02 1.04876252e-01
  0.00000000e+00]
 [1.32605646e-02 1.52595125e-01 8.21541294e-01 1.25591794e-02
  4.38365772e-05]
 [6.58493237e-02 2.59451155e-01 4.21724855e-03 6.70482272e-01
  0.00000000e+00]
 [4.19305293e-01 1.78638941e-01 1.60680529e-02 5.43478261e-03
  3.80552930e-01]]
Weighted F-Score:
0.749011152518
Normalized confusion matrix
[[9.91127411e-01 1.56631281e-03 1.88148551e-03 1.43260318e-04
  1.19383599e-04 1.57586350e-03 1.21293736e-03 9.26416725e-04
  1.06490170e-03 3.82027516e-04]
 [6.63387978e-01 2.36901318e-01 9.26390228e-02 1.67148827e-03
  2.12150434e-03 5.14304082e-04 6.42880103e-05 0.00000000e+00
  2.70009643e-03 0.00000000e+00]
 [6.25708362e-01 1.03109883e-01 2.67173462e-01 3.45542502e-04
  6.21976503e-04 1.72771251e-03 3.45542502e-04 0.00000000e+00
  9.67519005e-04 0.00000000e+00]
 [8.27334377e-01 4.17318727e-02 1.04329682e-03 3.75586854e-02
  3.46896192e-02 4.01669275e-02 1.46061555e-02 0.00000000e+00
  0.00000000e+00 2.86906625e-03]
 [8.44876126e-01 2.70270270e-02 5.63063063e-04 3.91328829e-02
  5.51801802e-02 2.59009009e-02 6.75675676e-03 0.00000000e+00
  0.00000000e+00 5.63063063e-04]
 [6.48266857e-01 3.08641975e-03 2.37416904e-04 3.79867047e-03
  2.49287749e-03 2.12844255e-01 1.25356125e-01 0.00000000e+00
  0.00000000e+00 3.91737892e-03]
 [6.40810988e-01 1.04643558e-03 9.15631131e-04 5.49378679e-03
  3.00850229e-03 1.69914977e-01 1.77240026e-01 0.00000000e+00
  0.00000000e+00 1.56965337e-03]
 [5.87125416e-01 0.00000000e+00 0.00000000e+00 0.00000000e+00
  0.00000000e+00 0.00000000e+00 0.00000000e+00 4.12874584e-01
  0.00000000e+00 0.00000000e+00]
 [8.05765887e-01 4.03836446e-03 5.04795558e-04 0.00000000e+00
  1.68265186e-04 0.00000000e+00 0.00000000e+00 2.01918223e-03
  1.87503506e-01 0.00000000e+00]
 [7.34732824e-01 0.00000000e+00 2.72628135e-04 5.45256270e-04
  2.72628135e-04 1.36314068e-03 1.09051254e-03 0.00000000e+00
  0.00000000e+00 2.61723010e-01]]
Weighted F-Score:
0.724038644437

real	28m54.957s
user	27m18.808s
sys	0m9.192s

Part5 RF SD 5,3:

Normalized confusion matrix
[[4.34250765e-01 2.77527569e-01 3.28607173e-02 2.50375313e-01
  4.98563618e-03]
 [5.92692124e-02 7.90507564e-01 5.45446665e-02 9.14047939e-02
  4.27376360e-03]
 [4.22365422e-02 3.56522883e-01 5.50083289e-01 3.53541995e-02
  1.58030861e-02]
 [7.84257614e-02 2.92180016e-01 1.09949694e-03 6.28279664e-01
  1.50616020e-05]
 [1.47211720e-01 2.68903592e-01 2.01677694e-01 2.51654064e-02
  3.57041588e-01]]
Weighted F-Score:
0.628373433087
Normalized confusion matrix
[[9.94708919e-01 5.82591961e-04 4.77534394e-04 6.20794713e-05
  4.77534394e-06 1.71912382e-04 2.53093229e-04 1.08400308e-03
  2.65031589e-03 4.77534394e-06]
 [9.35840566e-01 3.34297653e-02 2.01864352e-02 0.00000000e+00
  0.00000000e+00 1.28576021e-04 6.42880103e-05 9.90035358e-03
  4.50016072e-04 0.00000000e+00]
 [9.24533518e-01 1.56185211e-02 4.85832757e-02 6.91085003e-05
  0.00000000e+00 1.38217001e-04 6.91085003e-05 1.07809261e-02
  2.07325501e-04 0.00000000e+00]
 [9.89045383e-01 1.04329682e-03 3.39071466e-03 4.17318727e-03
  7.82472613e-04 5.21648409e-04 5.21648409e-04 2.60824204e-04
  2.60824204e-04 0.00000000e+00]
 [9.90427928e-01 5.63063063e-04 1.40765766e-03 1.40765766e-03
  3.09684685e-03 5.63063063e-04 1.40765766e-03 8.44594595e-04
  2.81531532e-04 0.00000000e+00]
 [9.70441595e-01 1.54320988e-03 2.73029440e-03 1.06837607e-03
  2.37416904e-04 1.24643875e-02 1.02089269e-02 8.30959164e-04
  4.74833808e-04 0.00000000e+00]
 [9.48855461e-01 5.10137345e-03 6.27861347e-03 9.15631131e-04
  0.00000000e+00 1.38652714e-02 2.22367560e-02 2.22367560e-03
  5.23217789e-04 0.00000000e+00]
 [5.79356271e-01 8.69404366e-03 1.20236774e-02 0.00000000e+00
  0.00000000e+00 0.00000000e+00 0.00000000e+00 3.99926008e-01
  0.00000000e+00 0.00000000e+00]
 [8.90178922e-01 1.79482865e-03 1.12176791e-03 0.00000000e+00
  0.00000000e+00 3.36530372e-04 5.60883953e-05 1.29003309e-03
  1.05221830e-01 0.00000000e+00]
 [9.77099237e-01 7.36095965e-03 3.27153762e-03 0.00000000e+00
  0.00000000e+00 2.45365322e-03 1.09051254e-03 7.36095965e-03
  2.72628135e-04 1.09051254e-03]]
Weighted F-Score:
0.644256597744

Part5 RF MAS1 5,3:

Normalized confusion matrix
[[0.43095172 0.27869521 0.03365768 0.25154295 0.00515244]
 [0.0596073  0.78820164 0.05522084 0.09250574 0.00446448]
 [0.04368315 0.3576188  0.54655445 0.03581448 0.01632913]
 [0.07758231 0.29318914 0.00114468 0.62808386 0.        ]
 [0.14378544 0.27611059 0.19943289 0.02492911 0.35574197]]
Weighted F-Score:
0.626119590263
Normalized confusion matrix
[[9.95024092e-01 4.58433019e-04 3.82027516e-04 3.82027516e-05
  1.43260318e-05 1.67137038e-04 2.05339790e-04 1.06490170e-03
  2.63598986e-03 9.55068789e-06]
 [9.41047895e-01 2.95081967e-02 1.74863388e-02 0.00000000e+00
  0.00000000e+00 6.42880103e-05 6.42880103e-05 1.15718419e-02
  2.57152041e-04 0.00000000e+00]
 [9.29163787e-01 1.54111956e-02 4.42294402e-02 0.00000000e+00
  0.00000000e+00 6.91085003e-05 0.00000000e+00 1.08500346e-02
  2.76434001e-04 0.00000000e+00]
 [9.88523735e-01 2.34741784e-03 3.65153886e-03 3.39071466e-03
  2.60824204e-04 2.60824204e-04 1.30412102e-03 2.60824204e-04
  0.00000000e+00 0.00000000e+00]
 [9.89583333e-01 8.44594595e-04 2.81531532e-04 3.94144144e-03
  2.81531532e-03 8.44594595e-04 1.40765766e-03 2.81531532e-04
  0.00000000e+00 0.00000000e+00]
 [9.73053181e-01 1.54320988e-03 1.78062678e-03 1.78062678e-03
  1.18708452e-04 1.08024691e-02 8.54700855e-03 9.49667616e-04
  1.42450142e-03 0.00000000e+00]
 [9.51471550e-01 5.75539568e-03 5.36298234e-03 6.54022237e-04
  3.92413342e-04 1.21648136e-02 2.07979071e-02 2.09287116e-03
  1.17724003e-03 1.30804447e-04]
 [5.83610803e-01 1.18386977e-02 1.31335553e-02 0.00000000e+00
  0.00000000e+00 0.00000000e+00 0.00000000e+00 3.90492046e-01
  9.24898261e-04 0.00000000e+00]
 [8.92310281e-01 1.73874025e-03 8.97414325e-04 0.00000000e+00
  0.00000000e+00 5.60883953e-05 1.12176791e-04 1.29003309e-03
  1.03595266e-01 0.00000000e+00]
 [9.79007634e-01 4.90730643e-03 3.81679389e-03 0.00000000e+00
  0.00000000e+00 1.36314068e-03 1.63576881e-03 7.08833152e-03
  8.17884406e-04 1.36314068e-03]]
Weighted F-Score:
0.642764609291

real	19m57.572s
user	18m50.048s
sys	0m8.320s

Part5 RF MAS2 5,3:

Normalized confusion matrix
[[0.43158187 0.27756464 0.03282365 0.25276619 0.00526365]
 [0.05919986 0.78874778 0.05524685 0.0924624  0.00434311]
 [0.04348588 0.36189286 0.54274066 0.03603367 0.01584692]
 [0.07806428 0.2922252  0.0012953  0.62841522 0.        ]
 [0.14579395 0.27941871 0.19328922 0.02587429 0.35562382]]
Weighted F-Score:
0.625875888619
Normalized confusion matrix
[[9.94904708e-01 6.01693337e-04 4.63208363e-04 7.64055031e-05
  2.38767197e-05 1.62361694e-04 1.62361694e-04 1.04102498e-03
  2.55958435e-03 4.77534394e-06]
 [9.42205079e-01 2.75795564e-02 1.92864031e-02 6.42880103e-05
  0.00000000e+00 1.28576021e-04 0.00000000e+00 1.06718097e-02
  6.42880103e-05 0.00000000e+00]
 [9.29923981e-01 1.61022806e-02 4.24326192e-02 6.91085003e-05
  0.00000000e+00 0.00000000e+00 0.00000000e+00 1.12646856e-02
  2.07325501e-04 0.00000000e+00]
 [9.89567032e-01 1.82576943e-03 2.08659364e-03 3.65153886e-03
  5.21648409e-04 7.82472613e-04 1.56494523e-03 0.00000000e+00
  0.00000000e+00 0.00000000e+00]
 [9.92680180e-01 8.44594595e-04 1.12612613e-03 1.68918919e-03
  1.97072072e-03 1.12612613e-03 5.63063063e-04 0.00000000e+00
  0.00000000e+00 0.00000000e+00]
 [9.74002849e-01 1.66191833e-03 1.54320988e-03 1.06837607e-03
  2.37416904e-04 1.02089269e-02 9.14055081e-03 1.30579297e-03
  8.30959164e-04 0.00000000e+00]
 [9.49771092e-01 3.92413342e-03 6.67102681e-03 3.92413342e-04
  1.30804447e-04 1.26880314e-02 2.32831916e-02 2.74689339e-03
  3.92413342e-04 0.00000000e+00]
 [5.85830559e-01 1.20236774e-02 1.18386977e-02 0.00000000e+00
  0.00000000e+00 0.00000000e+00 3.69959304e-04 3.89382168e-01
  5.54938957e-04 0.00000000e+00]
 [8.94441640e-01 1.73874025e-03 1.29003309e-03 0.00000000e+00
  0.00000000e+00 5.60883953e-05 5.60883953e-05 1.57047507e-03
  1.00846935e-01 0.00000000e+00]
 [9.76281352e-01 6.27044711e-03 4.36205016e-03 0.00000000e+00
  0.00000000e+00 1.09051254e-03 2.99890949e-03 7.08833152e-03
  5.45256270e-04 1.36314068e-03]]
Weighted F-Score:
0.642061701822

real	22m37.372s
user	21m29.768s
sys	0m10.140s

Part 5 RF FFT 10,5:

Normalized confusion matrix
[[3.00781854e-01 4.58790445e-01 5.22574863e-02 1.80722519e-01
  7.44769616e-03]
 [8.18625827e-02 6.79955049e-01 8.37643533e-02 1.53812906e-01
  6.05108848e-04]
 [4.43632377e-02 5.45295085e-01 3.32651197e-01 7.48035812e-02
  2.88689932e-03]
 [8.15580487e-02 4.72759360e-01 2.51102988e-02 4.20547082e-01
  2.52111433e-05]
 [8.57480781e-02 4.36822393e-01 4.43918786e-01 2.52316184e-02
  8.27912478e-03]]
Weighted F-Score:
0.456515613736
Normalized confusion matrix
[[9.87699975e-01 8.17356526e-04 9.28453530e-04 2.38065008e-05
  0.00000000e+00 1.06335703e-03 8.09421026e-04 4.44388014e-04
  8.14182326e-03 7.14195023e-05]
 [9.83813532e-01 3.12938384e-03 2.37401532e-03 1.07909787e-04
  0.00000000e+00 4.20848171e-03 2.58983490e-03 6.47458725e-04
  3.12938384e-03 0.00000000e+00]
 [9.83021282e-01 8.14048145e-04 5.00058146e-03 0.00000000e+00
  1.16292592e-04 4.65170369e-03 2.44214444e-03 5.81462961e-04
  3.25619258e-03 1.16292592e-04]
 [9.85146352e-01 3.05810398e-03 1.74748799e-03 0.00000000e+00
  0.00000000e+00 4.80559196e-03 1.31061599e-03 4.36871997e-04
  3.05810398e-03 4.36871997e-04]
 [9.81516588e-01 1.42180095e-03 1.89573460e-03 4.73933649e-04
  0.00000000e+00 5.68720379e-03 3.31753555e-03 4.73933649e-04
  5.21327014e-03 0.00000000e+00]
 [9.38369781e-01 3.77733598e-03 3.97614314e-03 0.00000000e+00
  1.98807157e-04 2.64413519e-02 1.45129225e-02 0.00000000e+00
  1.27236581e-02 0.00000000e+00]
 [9.41241440e-01 5.08062735e-03 5.30152419e-03 0.00000000e+00
  0.00000000e+00 2.34150652e-02 1.06030484e-02 2.20896841e-04
  1.41373978e-02 0.00000000e+00]
 [9.86024845e-01 3.10559006e-04 2.48447205e-03 0.00000000e+00
  0.00000000e+00 0.00000000e+00 3.10559006e-04 1.02484472e-02
  6.21118012e-04 0.00000000e+00]
 [9.17653694e-01 6.58018425e-04 1.88005264e-03 9.40026321e-05
  0.00000000e+00 4.13611581e-03 2.35006580e-03 3.76010528e-04
  7.28520399e-02 0.00000000e+00]
 [9.86206897e-01 4.59770115e-04 1.83908046e-03 4.59770115e-04
  0.00000000e+00 5.97701149e-03 2.29885057e-03 2.29885057e-03
  4.59770115e-04 0.00000000e+00]]
Weighted F-Score:
0.619185949819

real	98m31.365s
user	94m54.068s
sys	0m12.140s
