Part2:
Adaboost:

Normalized confusion matrix
[[0.41973174 0.36671999 0.03841752 0.14909863 0.02603212]
 [0.08128907 0.75153809 0.04922452 0.11022968 0.00771865]
 [0.02797913 0.15405694 0.60297986 0.02483705 0.19014702]
 [0.10778915 0.64852695 0.04120715 0.1968747  0.00560204]
 [0.21346722 0.03465249 0.41567238 0.00263831 0.3335696 ]]
Weighted F-Score:
0.506700564634
Normalized confusion matrix
[[8.88192550e-01 1.01787812e-02 3.94833584e-03 1.55800919e-03
  3.97857300e-04 3.76850434e-03 7.57520299e-04 2.27240175e-02
  6.84585098e-02 1.59142920e-05]
 [8.68589538e-01 1.25479112e-02 1.12417293e-02 1.11346652e-03
  2.99779448e-04 2.69801503e-03 8.35099891e-04 2.10702126e-02
  8.14543586e-02 1.49889724e-04]
 [8.60100044e-01 7.86058413e-03 1.14566285e-02 9.91217353e-04
  1.47530025e-03 1.84412531e-03 5.76289159e-04 2.73622093e-02
  8.79647772e-02 3.68825062e-04]
 [9.34481859e-01 3.74140781e-03 1.65318020e-03 5.56860698e-03
  0.00000000e+00 7.83085356e-03 1.74018968e-03 3.13234143e-02
  1.35734795e-02 8.70094840e-05]
 [9.24340561e-01 4.41190275e-03 3.94255139e-03 1.02318596e-02
  0.00000000e+00 5.06899465e-03 1.12644326e-03 3.65155355e-02
  1.43621515e-02 0.00000000e+00]
 [9.55906261e-01 9.91316071e-04 3.01360086e-03 1.02303819e-02
  0.00000000e+00 8.04948650e-03 5.23414886e-03 1.04286451e-02
  6.06685436e-03 7.93052857e-05]
 [9.54277479e-01 2.05249138e-03 3.31892222e-03 1.03497969e-02
  0.00000000e+00 6.46316433e-03 3.93030263e-03 1.16162278e-02
  7.99161535e-03 0.00000000e+00]
 [8.10755868e-01 5.35945297e-03 1.55239327e-02 2.40251340e-03
  0.00000000e+00 9.24043615e-04 6.16029077e-05 1.25546726e-01
  3.94258609e-02 0.00000000e+00]
 [6.24469259e-01 3.97284103e-02 1.06054655e-02 2.43158820e-04
  0.00000000e+00 1.68340722e-04 1.30931672e-04 1.55808690e-02
  3.09073565e-01 0.00000000e+00]
 [9.13471172e-01 1.02012934e-02 1.73057656e-02 2.18599144e-03
  0.00000000e+00 8.19746789e-04 7.28663813e-04 3.30631205e-02
  2.22242463e-02 0.00000000e+00]]
Weighted F-Score:
0.603037656306

real	35m37.920s
user	21m26.860s
sys	12m38.352s

Part3:
Adaboost:

Normalized confusion matrix
[[3.07727804e-01 2.53780840e-01 3.41290839e-02 3.93933428e-01
  1.04288439e-02]
 [6.39524952e-02 5.44729688e-01 3.30634024e-02 3.56413055e-01
  1.84135936e-03]
 [3.45555783e-02 9.69149154e-02 6.74867740e-01 2.13880689e-02
  1.72273697e-01]
 [6.41474201e-02 4.49217672e-01 3.27287878e-02 4.53569797e-01
  3.36323433e-04]
 [3.62079149e-01 2.33116755e-01 2.83402245e-01 1.22071274e-03
  1.20181138e-01]]
Weighted F-Score:
0.491776339638
Normalized confusion matrix
[[3.18529328e-01 6.53599972e-03 1.08344500e-02 2.73725822e-02
  5.87396517e-03 5.22673092e-02 2.68060334e-02 2.03545386e-01
  3.38383999e-01 9.85094674e-03]
 [2.80101068e-01 3.03205499e-02 2.67446093e-02 3.84360078e-02
  4.64658144e-03 4.94421961e-02 2.01708743e-02 1.50039614e-01
  3.91233592e-01 8.86490653e-03]
 [2.50409165e-01 4.23457274e-02 2.75696734e-02 2.78693437e-02
  5.73984002e-03 6.74719347e-02 2.10691316e-02 1.91374104e-01
  3.57460639e-01 8.69044052e-03]
 [4.39484904e-01 2.61028452e-03 4.35047420e-03 1.78717480e-01
  4.68111024e-02 1.74889063e-01 3.83711825e-02 9.31001479e-03
  2.30575133e-02 8.23979814e-02]
 [4.82493194e-01 2.62836760e-03 4.31803248e-03 1.88773116e-01
  4.76860978e-02 1.50943396e-01 3.37932977e-02 6.28930818e-03
  1.21092650e-02 7.09659251e-02]
 [1.90848170e-01 7.93052857e-04 2.97394821e-03 1.52662675e-01
  3.50529363e-02 4.46250843e-01 1.00400492e-01 5.94789643e-04
  5.94789643e-03 6.44751973e-02]
 [2.00052404e-01 7.42390497e-04 4.27966287e-03 1.50443251e-01
  3.96087165e-02 4.51941133e-01 1.06467531e-01 8.73400585e-05
  5.63343377e-03 4.07441373e-02]
 [1.10022793e-01 2.71052794e-03 1.54007269e-03 0.00000000e+00
  6.16029077e-05 0.00000000e+00 0.00000000e+00 6.95866445e-01
  1.89675353e-01 1.23205815e-04]
 [3.56321194e-02 4.30204066e-04 2.18842938e-03 2.43158820e-04
  1.87045246e-05 2.18842938e-03 7.48180985e-04 2.26848475e-01
  7.31683594e-01 1.87045246e-05]
 [3.49303215e-01 1.18407870e-02 2.65962292e-02 2.19418891e-01
  4.93669733e-02 1.10665817e-01 6.16631752e-02 7.37772110e-03
  1.37535295e-02 1.50013662e-01]]
Weighted F-Score:
0.363871384001

real	46m24.277s
user	43m38.592s
sys	0m25.524s